5109 300677242143416296514666843164489403848209281405574800048573790111213538032848740306272471714963294700449410574639224340290576842752000000000000000000000000000
95 3
78 2
17 2
11 2
16 3
41 5
17 2
80 2
63 2
62 2
95 3
95 3
33 2
55 3
60 2
2 3
96 3
16 3
2 3
63 2
41 5
57 3
55 3
60 2
45 2
41 5
45 2
43 2
75 2
22 2
43 2
75 2
71 2
71 2
78 2
2 3
57 3
16 3
41 5
48 2
89 2
51 2
31 2
96 3
51 2
89 2
11 2
5 2
33 2
62 2
96 3
34 2
55 3
22 2
57 3
5 2
31 2
80 2
41 5
48 2
34 2
[95, 78, 15, 36, 17, 11, 16, 19, 41, 17, 13, 80, 63, 62, 95, 95, 33, 29, 4, 30, 55, 60, 28, 2, 88, 96, 16, 2, 63, 41, 64, 57, 55, 60, 45, 41, 98, 45, 43, 56, 81, 70, 94, 75, 22, 24, 84, 74, 43, 75, 42, 71, 71, 78, 2, 54, 57, 16, 41, 48, 93, 89, 68, 51, 31, 9, 96, 77, 51, 18, 52, 89, 11, 1, 5, 39, 33, 87, 62, 96, 76, 34, 25, 40, 55, 22, 35, 99, 79, 72, 49, 57, 5, 31, 80, 100, 41, 48, 83, 34]
